0.866025404021147 0.49999999959000907 -6.395134609203931e-11 0.3999999541800358 -0.49999999959000907 0.866025404021147 -1.5258614243504196e-10 -0.39999997502136453 -2.0909544159554387e-11 1.6411917359545768e-10 1.0 0.10000005543967316 0.0 0.0 0.0 1.0 
0.8660254743301313 0.49999987781124716 9.396930527446772e-08 0.49999993753796623 -0.49999987781123195 0.8660254743301327 -1.4742657537855955e-07 -0.39999996038768404 -1.5509308193120094e-07 8.069052871446471e-08 0.9999999999999848 0.10000005385600846 0.0 0.0 0.0 1.0 
0.8660251974881492 0.5000003573154818 5.378809436253428e-08 0.39999999437330425 -0.5000003573154649 0.86602519748814 -1.884513181009688e-07 -0.39999998105349466 -1.4080757142941302e-07 1.3630952358111002e-07 0.9999999999999808 0.3000000002946164 0.0 0.0 0.0 1.0 
