-5.169221371442698e-07 -2.070339011470294e-07 -0.999999999999845 0.4999997094049794 -0.5000001010487694 0.8660253454438929 7.916451500139063e-08 -0.3999996155560282 0.8660253454437422 0.5000001010487328 -5.511846438682044e-07 0.20000036605045307 0.0 0.0 0.0 1.0 
-0.3535534828052316 0.6123722255439502 0.7071069170773543 0.3292891898143216 -0.35355377198020405 0.6123723724150409 -0.7071066452957038 -0.3292894897185939 -0.8660252104383918 -0.5000003348850116 1.2515593576775115e-07 0.2000004014706957 0.0 0.0 0.0 1.0 
-0.5000001216566917 0.8660253335458442 -3.2096369304271586e-07 0.39999988537102743 6.462252671853102e-08 -3.333071340419026e-07 -0.9999999999999425 -0.29999980001744586 -0.8660253335459012 -0.5000001216566836 1.1068886234034075e-07 0.20000021653595873 0.0 0.0 0.0 1.0 
0.3535533906028093 -0.6123724356784198 0.7071067811968267 0.32928932187376614 -0.353553390593023 0.6123724357078085 0.7071067811762684 -0.4707106781173441 -0.8660254037806482 -0.5000000000065654 1.638337321032394e-11 0.20000000000569945 0.0 0.0 0.0 1.0 
