-0.003847431273457494 0.003142489823903268 0.999987660939025 -0.3969707 -0.9788651809819413 -0.2044827639957811 -0.0031235700467094614 -0.460018 0.20447042508340185 -0.9788651204258696 0.0038628072512893784 0.3899877 0.0 0.0 0.0 1.0 
-0.15742389841217777 -0.5099778956025843 0.8456596609780272 -0.1870185 -0.9715132644346665 0.2335873548119335 -0.039986556484170196 -0.6207147 -0.17714314335082282 -0.8278644174432934 -0.5322225221606713 0.2851157 0.0 0.0 0.0 1.0 
-0.14295251359921968 -0.0005963298559050218 0.989729368689425 -0.1569776 -0.9892330883592355 -0.03158363766713572 -0.14289986258551837 -0.510021 0.03134446922367425 -0.9995009345780593 0.003925051168086303 0.3899923 0.0 0.0 0.0 1.0 
-0.1308809252509824 -0.05382122357758618 0.9899360884916046 -0.1569787 -0.9055858956759647 -0.39987570401871864 -0.14146945567257568 -0.5100215 0.40346544952227015 -0.9149878126118104 0.0035963611674731544 0.3299975 0.0 0.0 0.0 1.0 
-0.25987011384546693 -0.17016663010931263 0.9505318731779511 -0.3369613 -0.7893777767939303 -0.5295322001695318 -0.3106096818959233 -0.4100348 0.5561926369827417 -0.831046910216779 0.0032838369826925368 0.3299969 0.0 0.0 0.0 1.0 
-0.053034221269726727 0.02243068362525938 0.9983407413335474 -0.2869552 -0.9428584503426054 0.32820144554622377 -0.05746088894987366 -0.6100449 -0.3289457614742198 -0.9443413977865592 0.003743051518894718 0.4299998 0.0 0.0 0.0 1.0 
-0.05542255404849001 0.27090274716166834 0.9610099073802535 -0.2869478 -0.9855643763329398 0.13936585748799557 -0.0961250116780184 -0.6600489 -0.15997249953103085 -0.9524646236721325 0.25926808528412715 0.4299948 0.0 0.0 0.0 1.0 
-0.055394984871740445 -0.245892279838773 0.967712964864453 -0.286938 -0.9855650873307236 0.16875488376662492 -0.013536906577802578 -0.6300559 -0.1599776680847764 -0.9544939894627956 -0.25169102048653547 0.4299997 0.0 0.0 0.0 1.0 
-0.05538639985807443 -0.24587357817716138 0.9677182080880368 -0.2869343 -0.9855658494779763 0.16875079127749265 -0.013532434591572967 -0.5700635 -0.15997594523401504 -0.954499530642933 -0.2516711007424253 0.2800084 0.0 0.0 0.0 1.0 
0.20160120851934565 -0.28116995330345174 0.9382432574140217 -0.1669241 -0.9663164107811406 0.09935133572993324 0.23740662657923456 -0.5700796 -0.1599673309729 -0.9545013197727978 -0.25166979074452656 0.280015 0.0 0.0 0.0 1.0 
0.4624163534189763 -0.1766045066305935 0.8688969814244155 -0.236909 -0.8415914397145062 0.22104331341713654 0.49281203535713086 -0.4700997 -0.27909669415806565 -0.9591406058713905 -0.04641479805731108 0.3600046 0.0 0.0 0.0 1.0 
-0.23993144813178424 0.004999383489387596 0.9707769601520789 -0.2369118 -0.9474766394597326 0.2166274238853813 -0.23528828466133855 -0.6201035 -0.21147320841060854 -0.976241550737065 -0.04723893244998197 0.2600001 0.0 0.0 0.0 1.0 
-0.15750630274737307 0.15236642760702507 0.9756926956440363 -0.2468983 -0.9714848704732328 0.15340918083925426 -0.18078376496752951 -0.620112 -0.17722559362704596 -0.9763452744662118 0.1238587663067859 0.359992 0.0 0.0 0.0 1.0 
