0.9812581179439023 -0.1926519276138295 0.004211977666918266 -0.072944147641399 0.18702245714892496 0.9573955396402297 0.22003722684803076 -0.06687830562048944 -0.04642312453044643 -0.2151255806817707 0.9754823822320737 0.4340418493881254 0.0 0.0 0.0 1.0 
0.8341198940795272 -0.13697370699552375 -0.534305348927617 -0.01969337858360518 0.05021760995408052 0.983511189246883 -0.1737352361401729 -0.05095294728651902 0.5492924484746335 0.11808447915829672 0.8272447411925057 0.3671266719105768 0.0 0.0 0.0 1.0 
0.9985922106901398 -0.05276245253265669 -0.005451637526332598 0.1358164536530692 0.05295388739968484 0.9975954385465579 0.0447127140795804 -0.1110802522656379 0.0030793762746485153 -0.04493845339839765 0.9989850113229524 0.4001396735998251 0.0 0.0 0.0 1.0 
0.9980996105759778 -0.06138375460558119 -0.005403891061368533 0.1360676260120161 0.05792118508926821 0.9046253353493211 0.42225364292328255 -0.002373036366121294 -0.021031017234933783 -0.42176419634038403 0.9064616147413048 0.3951670952829301 0.0 0.0 0.0 1.0 
0.9932208554980515 0.11534768570262503 -0.014395958001019941 -0.1047666520352697 -0.08608114520613476 0.8130741133317212 0.5757608207145011 -0.01377729010376614 0.0781176589749017 -0.5706184343612497 0.817491427308811 0.4570029374109721 0.0 0.0 0.0 1.0 
0.9912627524930648 -0.13190158146205674 -0.0003582285323103021 0.02866460103085085 0.12533282009616195 0.9427368574548888 -0.3090936780376199 -0.1043911269729344 0.04110766019388672 0.30634815227758294 0.9510315293771784 0.3879127305077527 0.0 0.0 0.0 1.0 
0.9644610973345381 -0.08215957207030444 0.25112665419163116 0.1122741829392126 0.12151390399670525 0.9818759302292126 -0.1454442462663887 0.001044006395747612 -0.23462558015642318 0.1707906975035317 0.9569646674681981 0.3686697279333643 0.0 0.0 0.0 1.0 
0.95135747148956 -0.17724868711625533 -0.2519957625765853 -0.06079521129779342 0.1433172451440415 0.9786535185933146 -0.1473005695482794 -0.02815190820828123 0.27272537228008986 0.10402015891397495 0.9564521304561968 0.4451740202390909 0.0 0.0 0.0 1.0 
0.9523082703662066 -0.17684358363442867 -0.24866705676357034 -0.02475533256363622 0.14390100832626765 0.9789009528961978 -0.14507041125467043 -0.06950841248698086 0.2690751902253482 0.10236831221744641 0.9576634433134347 0.2939836207787282 0.0 0.0 0.0 1.0 
0.8745279633963993 -0.42057206548303877 -0.24149529803513067 0.1128618887222624 0.39230300111349264 0.9062358274955153 -0.1575911808473609 0.00117877722121125 0.2851301396820284 0.0430785642616971 0.9575202560500001 0.3362496409334229 0.0 0.0 0.0 1.0 
0.7601555137245505 -0.6490196666665665 -0.0306115539328487 0.1510545750008333 0.6167140107867114 0.7355444328738849 -0.2804250633727362 -0.0725019944548204 0.2045175392320496 0.19428808390700106 0.9593876779478738 0.3369908269102371 0.0 0.0 0.0 1.0 
0.9974819434441883 0.04605124377025247 -0.05393566028165386 0.04885313290076512 -0.055844641777899724 0.9787972952136207 -0.1970716389214802 -0.06488755216394324 0.043716684315067256 0.19958741901661284 0.9789043434793738 0.2441532410787161 0.0 0.0 0.0 1.0 
0.993259581529543 -0.004987288204173582 0.11580384560162787 0.08816140480523708 0.023926915068063728 0.9863783066612489 -0.16274316846925688 -0.05549965109057759 -0.11341475404497786 0.16441704018883133 0.9798490345254525 0.3164905645998022 0.0 0.0 0.0 1.0 
