0.8660253430311403 0.5000001052277696 1.2343919067231075e-07 0.3999999868292402 -0.5000001052277718 0.8660253430311478 -1.5128976541259306e-08 -0.39999999698678185 -1.1446595728398054e-07 -4.861753124275094e-08 0.9999999999999922 0.10000000178193169 0.0 0.0 0.0 1.0 
0.8660254045418594 0.49999999868810874 -1.905028239142976e-09 0.4999999931082747 -0.49999999868810885 0.8660254045418594 -1.3902773752175794e-09 -0.3999999911096082 9.546641277190692e-10 2.156529566006776e-09 1.0 0.10000001032933359 0.0 0.0 0.0 1.0 
0.8660254226980244 0.49999996724070717 2.1771025230091168e-08 0.39999949855026296 -0.49999996724070733 0.8660254226980242 2.501701851581859e-11 -0.40000006335669475 -1.884175275374557e-08 -1.0907177246366198e-08 0.9999999999999998 0.3000010191408856 0.0 0.0 0.0 1.0 
