-1.1632191169800502e-06 6.945031082522186e-07 -0.9999999999990823 0.49999972381344837 -0.4999997661095632 0.8660255388202952 1.1830667148524526e-06 -0.39999974154672324 0.866025538820322 0.4999997661104804 -6.601260708034587e-07 0.2000002204839526 0.0 0.0 0.0 1.0 
-0.3535533905797698 0.6123724356973201 0.7071067811919785 0.32928932186952226 -0.3535533905988505 0.6123724356988458 -0.7071067811811168 -0.3292893218737516 -0.8660254037876749 -0.4999999999943947 1.114516753190072e-11 0.20000000002630847 0.0 0.0 0.0 1.0 
-0.5000000000444735 0.8660254037587619 2.9547559365692402e-09 0.3999999992435524 4.424610510166135e-10 3.667313209570062e-09 -1.0 -0.2999999999919539 -0.8660254037587619 -0.5000000000444735 -2.216839106806132e-09 0.2000000010886832 0.0 0.0 0.0 1.0 
0.3535545223752392 -0.612372492836942 0.7071061658087038 0.3292889468866452 -0.3535521864916843 0.6123724203077804 0.7071073965624605 -0.4707102062633252 -0.8660254333072243 -0.4999999488630581 1.4047878225118637e-06 0.20000040603258418 0.0 0.0 0.0 1.0 
